Time : 2025-01-17-12-19-17
/proc/touchpanel/debug_info/main_register
es_enable:0
touch_count:0
/proc/touchpanel/debug_info/self_delta
Not support self_delta proc node
/proc/touchpanel/debug_info/delta
ChannelStart (rx tx) :   32,   18

Delta data: 
     0     0     0     0     0     0     0     0     0     0     0     0     0     0     0     0     0     0      0
     0     0     0     0     0     0     0     0     0     0     0     0     0     0     0     0     0     0      0
     0     0     0     0     0     0     0     0     0     0     0     0     0     0     0     0     0     0      0
     0     0     0     0     0     0     0     0     0     0     0     0     0     0     0     0     0     0      0
     0     0     0     0     0     0     0     0     0     0     0     0     0     0     0     0     0     0      0
     0     0     0     0     0     0     0     0     0     0     0     0     0     0     0     0     0     0      0
     0     0     0     0     0     0     0     0     0     0     0     0     0     0     0     0     0     0      0
     0     0     0     0     0     0     0     0     0     0     0     0     0     0     0     0     0     0      0
     0     0     0     0     0     0     0     0     0     0     0     0     0     0     0     0     0     0      0
     0     0     0     0     0     0     0     0     0     0     0     0     0     0     0     0     0     0      0
     0     0     0     0     0     0     0     0     0     0     0     0     0     0     0     0     0     0      0
     0     0     0     0     0     0     0     0     0     0     0     0     0     0     0     0     0     0      0
     0     0     0     0     0     0     0     0     0     0     0     0     0     0     0     0     0     0      0
     0     0     0     0     0     0     0     0     0     0     0     0     0     0     0     0     0     0      0
     0     0     0     0     0     0     0     0     0     0     0     0     0     0     0     0     0     0      0
     0     0     0     0     0     0     0     0     0     0     0     0     0     0     0     0     0     0      0
     0     0     0     0     0     0     0     0     0     0     0     0     0     0     0     0     0     0      0
     0     0     0     0     0     0     0     0     0     0     0     0     0     0     0     0     0     0      0
     0     0     0     0     0     0     0     0     0     0     0     0     0     0     0     0     0     0      0
     0     0     0     0     0     0     0     0     0     0     0     0     0     0     0     0     0     0      0
     0     0     0     0     0     0     0     0     0     0     0     0     0     0     0     0     0     0      0
     0     0     0     0     0     0     0     0     0     0     0     0     0     0     0     0     0     0      0
     0     0     0     0     0     0     0     0     0     0     0     0     0     0     0     0     0     0      0
     0     0     0     0     0     0     0     0     0     0     0     0     0     0     0     0     0     0      0
     0     0     0     0     0     0     0     0     0     0     0     0     0     0     0     0     0     0      0
     0     0     0     0     0     0     0     0     0     0     0     0     0     0     0     0     0     0      0
     0     0     0     0     0     0     0     0     0     0     0     0     0     0     0     0     0     0      0
     0     0     0     0     0     0     0     0     0     0     0     0     0     0     0     0     0     0      0
     0     0     0     0     0     0     0     0     0     0     0     0     0     0     0     0     0     0      0
     0     0     0     0     0     0     0     0     0     0     0     0     0     0     0     0     0     0      0
     0     0     0     0     0     0     0     0     0     0     0     0     0     0     0     0     0     0      0
     0     0     0     0     0     0     0     0     0     0     0     0     0     0     0     0     0     0      0

     0     0     0     0     0     0     0     0     0     0     0     0     0     0     0     0     0     0
ChannelEnd
/proc/touchpanel/debug_info/self_raw
Not support self_raw proc node
/proc/touchpanel/debug_info/baseline
ChannelStart (rx tx) :   32,   18

Baseline data: 
     0     0     0     0     0     0     0     0     0     0     0     0     0     0     0 15046 13664 12073      0
     0     0     0     0     0     0     0     0     0     0     0     0     0     0     0 13896 13116 12964      0
     0     0     0     0     0     0     0     0     0     0     0     0     0     0     0 15358 14482 12906      0
     0     0     0     0     0     0     0     0     0     0     0     0     0     0     0 14918 14639 12625      0
     0     0     0     0     0     0     0     0     0     0     0     0     0     0     0 14583 13131 12240      0
     0     0     0     0     0     0     0     0     0     0     0     0     0     0     0 15153 15073 13465      0
     0     0     0     0     0     0     0     0     0     0     0     0     0     0     0 14227 15212 12917      0
     0     0     0     0     0     0     0     0     0     0     0     0     0     0     0 13692 14679 12581      0
     0     0     0     0     0     0     0     0     0     0     0     0     0     0     0 13048 14375 14458      0
     0     0     0     0     0     0     0     0     0     0     0     0     0     0     0 12946 12936 15116      0
     0     0     0     0     0     0     0     0     0     0     0     0     0     0     0 13492 14543 14769      0
     0     0     0     0     0     0     0     0     0     0     0     0     0     0     0 12355 13954 13823      0
     0     0     0     0     0     0     0     0     0     0     0     0     0     0     0 15843 14712 13650      0
     0     0     0     0     0     0     0     0     0     0     0     0     0     0     0 12222 12807 14288      0
     0     0     0     0     0     0     0     0     0     0     0     0     0     0     0 12798 12953 15051      0
     0     0     0     0     0     0     0     0     0     0     0     0     0     0     0 13517 14333 13431      0
     0     0     0     0     0     0     0     0     0     0     0     0     0     0     0 11909 15516 13869      0
     0     0     0     0     0     0     0     0     0     0     0     0     0     0     0 13089 14626 11915      0
     0     0     0     0     0     0     0     0     0     0     0     0     0     0     0 12534 15287 13211      0
     0     0     0     0     0     0     0     0     0     0     0     0     0     0     0 12026 14015 13420      0
     0     0     0     0     0     0     0     0     0     0     0     0     0     0     0 12283 14269 12779      0
     0     0     0     0     0     0     0     0     0     0     0     0     0     0     0 13249 14798 14244      0
     0     0     0     0     0     0     0     0     0     0     0     0     0     0     0 13350 14367 15504      0
     0     0     0     0     0     0     0     0     0     0     0     0     0     0     0 13043 10704 14588      0
     0     0     0     0     0     0     0     0     0     0     0     0     0     0     0 13934 11710 13259      0
     0     0     0     0     0     0     0     0     0     0     0     0     0     0     0 14361 10976 13682      0
     0     0     0     0     0     0     0     0     0     0     0     0     0     0     0 15079 11992 12666      0
     0     0     0     0     0     0     0     0     0     0     0     0     0     0     0 14625 11057 13377      0
     0     0     0     0     0     0     0     0     0     0     0     0     0     0     0 15623 12635 13197      0
     0     0     0     0     0     0     0     0     0     0     0     0     0     0     0 13564 12712 13180      0
     0     0     0     0     0     0     0     0     0     0     0     0     0     0     0 15572 13887 12376      0
     0     0     0     0     0     0     0     0     0     0     0     0     0     0     0 13802 13340 14324      0

     0     0     0     0     0     0     0     0     0     0     0     0     0     0     0     0     0     0
ChannelEnd
ChannelStart (rx tx) :   32,   18

Raw data: 
     0     0     0     0     0     0     0     0     0     0     0     0     0     0     0 15067 13689 12085      0
     0     0     0     0     0     0     0     0     0     0     0     0     0     0     0 13944 13182 13014      0
     0     0     0     0     0     0     0     0     0     0     0     0     0     0     0 15373 14484 12935      0
     0     0     0     0     0     0     0     0     0     0     0     0     0     0     0 14927 14686 12651      0
     0     0     0     0     0     0     0     0     0     0     0     0     0     0     0 14551 13151 12240      0
     0     0     0     0     0     0     0     0     0     0     0     0     0     0     0 15209 15098 13487      0
     0     0     0     0     0     0     0     0     0     0     0     0     0     0     0 14253 15201 12934      0
     0     0     0     0     0     0     0     0     0     0     0     0     0     0     0 13707 14728 12587      0
     0     0     0     0     0     0     0     0     0     0     0     0     0     0     0 13077 14369 14474      0
     0     0     0     0     0     0     0     0     0     0     0     0     0     0     0 12987 12970 15127      0
     0     0     0     0     0     0     0     0     0     0     0     0     0     0     0 13530 14605 14821      0
     0     0     0     0     0     0     0     0     0     0     0     0     0     0     0 12363 13986 13841      0
     0     0     0     0     0     0     0     0     0     0     0     0     0     0     0 15919 14737 13672      0
     0     0     0     0     0     0     0     0     0     0     0     0     0     0     0 12208 12794 14299      0
     0     0     0     0     0     0     0     0     0     0     0     0     0     0     0 12869 12973 15068      0
     0     0     0     0     0     0     0     0     0     0     0     0     0     0     0 13550 14368 13482      0
     0     0     0     0     0     0     0     0     0     0     0     0     0     0     0 11902 15561 13897      0
     0     0     0     0     0     0     0     0     0     0     0     0     0     0     0 13148 14601 11924      0
     0     0     0     0     0     0     0     0     0     0     0     0     0     0     0 12525 15291 13238      0
     0     0     0     0     0     0     0     0     0     0     0     0     0     0     0 12064 14029 13392      0
     0     0     0     0     0     0     0     0     0     0     0     0     0     0     0 12287 14298 12757      0
     0     0     0     0     0     0     0     0     0     0     0     0     0     0     0 13291 14833 14221      0
     0     0     0     0     0     0     0     0     0     0     0     0     0     0     0 13365 14333 15520      0
     0     0     0     0     0     0     0     0     0     0     0     0     0     0     0 13065 10706 14575      0
     0     0     0     0     0     0     0     0     0     0     0     0     0     0     0 13951 11730 13340      0
     0     0     0     0     0     0     0     0     0     0     0     0     0     0     0 14397 11015 13741      0
     0     0     0     0     0     0     0     0     0     0     0     0     0     0     0 15069 12002 12636      0
     0     0     0     0     0     0     0     0     0     0     0     0     0     0     0 14537 11093 13406      0
     0     0     0     0     0     0     0     0     0     0     0     0     0     0     0 15678 12676 13204      0
     0     0     0     0     0     0     0     0     0     0     0     0     0     0     0 13608 12739 13201      0
     0     0     0     0     0     0     0     0     0     0     0     0     0     0     0 15615 13888 12438      0
     0     0     0     0     0     0     0     0     0     0     0     0     0     0     0 13791 13337 14354      0

     0     0     0     0     0     0     0     0     0     0     0     0     0     0     0     0     0     0
ChannelEnd
/proc/touchpanel/debug_info/data_limit
/proc/touchpanel/debug_info/reserve
Time : 2025-01-19-21-28-15
/proc/touchpanel/debug_info/main_register
es_enable:0
touch_count:16
/proc/touchpanel/debug_info/self_delta
Not support self_delta proc node
/proc/touchpanel/debug_info/delta
ChannelStart (rx tx) :   32,   18

Delta data: 
     0     0     0     0     0     0     0     0     0     0     0     0     0     0     0     0     0     0      0
     0     0     0     0     0     0     0     0     0     0     0     0     0     0     0     0     0     0      0
     0     0     0     0     0     0     0     0     0     0     0     0     0     0     0     0     0     0      0
     0     0     0     0     0     0     0     0     0     0     0     0     0     0     0     0     0     0      0
     0     0     0     0     0     0     0     0     0     0     0     0     0     0     0     0     0     0      0
     0     0     0     0     0     0     0     0     0     0     0     0     0     0     0     0     0     0      0
     0     0     0     0     0     0     0     0     0     0     0     0     0     0     0     0     0     0      0
     0     0     0     0     0     0     0     0     0     0     0     0     0     0     0     0     0     0      0
     0     0     0     0     0     0     0     0     0     0     0     0     0     0     0     0     0     0      0
     0     0     0     0     0     0     0     0     0     0     0     0     0     0     0     0     0     0      0
     0     0     0     0     0     0     0     0     0     0     0     0     0     0     0     0     0     0      0
     0     0     0     0     0     0     0     0     0     0     0     0     0     0     0     0     0     0      0
     0     0     0     0     0     0     0     0     0     0     0     0     0     0     0     0     0     0      0
     0     0     0     0     0     0     0     0     0     0     0     0     0     0     0     0     0     0      0
     0     0     0     0     0     0     0     0     0     0     0     0     0     0     0     0     0     0      0
     0     0     0     0     0     0     0     0     0     0     0     0     0     0     0     0     0     0      0
     0     0     0     0     0     0     0     0     0     0     0     0     0     0     0     0     0     0      0
     0   199   679   870   730    88     0     0     0     0     0     0     0     0     0     0     0     0      0
   182   716  1009  1062  1014   246     0     0     0     0     0     0     0     0     0     0     0     0      0
   231   763  1095  1094  1006   250     0     0     0     0     0     0     0     0     0     0     0     0      0
   146   473   822   930   778   110     0     0     0     0     0     0     0     0     0     0     0     0      0
     0    97   124   179    91     0     0     0     0     0     0     0     0     0     0     0     0     0      0
     0     0     0     0     0     0     0     0     0     0     0     0     0     0     0     0     0     0      0
     0     0     0     0     0     0     0     0     0     0     0     0     0     0     0     0     0     0      0
     0     0     0     0     0     0     0     0     0     0     0     0     0     0     0     0     0     0      0
     0     0     0     0     0     0     0     0     0     0     0     0     0     0     0     0     0     0      0
     0     0     0     0     0     0     0     0     0     0     0     0     0     0     0     0     0     0      0
     0     0     0     0     0     0     0     0     0     0     0     0     0     0     0     0     0     0      0
     0     0     0     0     0     0     0     0     0     0     0     0     0     0     0     0     0     0      0
     0     0     0     0     0     0     0     0     0     0     0     0     0     0     0     0     0     0      0
     0     0     0     0     0     0     0     0     0     0     0     0     0     0     0     0     0     0      0
     0     0     0     0     0     0     0     0     0     0     0     0     0     0     0     0     0     0      0

     0     0     0     0     0     0     0     0     0     0     0     0     0     0     0     0     0     0
ChannelEnd
/proc/touchpanel/debug_info/self_raw
Not support self_raw proc node
/proc/touchpanel/debug_info/baseline
ChannelStart (rx tx) :   32,   18

Baseline data: 
 15935 16189 15491 15334 15595 15166 15119 15437 18162 18297 15264 15165 15333 15666 15514 15598 16163 15976      0
 14726 15596 14910 14072 14976 14495 13945 15022 14354 15347 14969 14674 15504 15115 14948 15860 15638 15600      0
 15004 14937 15015 14378 14358 14557 14225 14419 14437 16003 14197 15118 16212 14302 15424 16661 14760 16053      0
 15029 15236 15951 14421 14702 15478 14253 14740 15299 16175 14878 14805 16379 15019 15113 16859 15505 15672      0
 13638 15836 16211 13097 15283 15726 12976 15261 15561 15638 14972 15172 15811 15111 15498 16250 15617 16050      0
 16221 15111 15690 15580 14552 15217 15331 14588 15098 16652 15086 14639 16889 15244 14944 17348 15763 15496      0
 19057 16297 16214 17826 15483 15541 17486 15366 15404 16025 15654 16117 16145 15963 16490 16589 16295 17133      0
 15852 16863 16837 15063 16148 16064 14800 15961 15904 15310 16425 15361 15380 16744 15704 15759 17154 16284      0
 18005 16076 15596 16950 15404 14995 16631 15217 14855 14924 15359 15779 14991 15651 16120 15337 16046 16780      0
 16730 15621 15483 15884 15026 14923 15576 14796 14773 17278 16443 16350 17444 16795 16702 17818 17182 17292      0
 17136 15899 14545 16194 15297 14019 15902 15051 13852 15053 15655 15695 15160 15976 15994 15538 16274 16498      0
 16865 16661 15011 15930 16069 14468 15591 15771 14272 16072 16498 17114 16200 16856 17469 16578 17230 18126      0
 17892 16569 15131 16873 16034 14507 16518 15715 14295 15351 15629 15340 15452 15921 15656 15708 16202 16193      0
 16380 17273 14916 15601 16621 14384 15274 16230 14192 15575 16644 16283 15658 16999 16621 15923 17398 17169      0
 19390 16709 16815 18533 16246 16358 18150 15970 16096 16857 16430 16640 16928 16768 17000 17271 17046 17702      0
 16350 17467 17464 15706 17010 16953 15378 16648 16665 16109 17246 15923 16181 17589 16256 16513 17948 16912      0
 18430 16705 16250 17730 16297 15809 17339 15912 15566 15699 16154 16381 15754 16479 16746 16096 16819 17420      0
 17308 16283 16194 16638 15923 15822 16270 15509 15531 18263 17362 17024 18426 17744 17406 18820 18118 18113      0
 17721 16620 15233 17008 16283 14866 16613 15815 14566 15918 16523 16334 16020 16888 16712 16370 17192 17361      0
 17479 17456 15813 16771 17117 15413 16344 16612 15065 17002 17432 17912 17147 17866 18363 17559 18185 19015      0
 18502 17414 15835 17798 17098 15427 17339 16549 15045 16239 16514 16066 16377 16896 16467 16718 17148 17057      0
 17132 18086 15753 16482 17773 15344 16027 17130 14929 16477 17611 17096 16629 18064 17523 16955 18316 18146      0
 19101 16844 16121 18076 16415 15600 17476 15921 15095 16936 16488 17415 17095 16882 17928 17335 17021 18595      0
 18667 17500 17621 17777 16928 17082 17174 16423 16561 17583 17526 17387 17711 17983 17862 17929 18382 18482      0
 18189 18107 17625 17325 17558 17104 16730 16972 16517 16862 17079 16985 17043 17552 17474 17239 17773 17925      0
 17082 18150 17687 16327 17468 17231 15755 16848 16598 18012 16993 16833 18190 17501 17316 18355 17779 17978      0
 17925 17400 17947 16910 17008 17419 16304 16313 16770 18882 16200 17486 19172 16685 18019 19538 16761 18840      0
 17998 17573 19025 17021 17266 18479 16383 16572 17796 19127 17197 17158 19379 17716 17685 19718 17828 18389      0
 16212 18407 19373 15394 18088 18829 14840 17365 18135 18540 17261 17600 18789 17823 18105 19096 17918 18940      0
 19393 17597 18554 18442 17294 18262 17768 16535 17501 19690 17442 17016 19962 17980 17539 20338 18215 18248      0
 20104 17724 17158 19359 17535 16923 18651 16817 16151 18143 17505 18616 18378 18008 19191 18624 18162 19871      0
 19814 18610 18945 19253 18260 18599 18501 17527 17823 19008 18788 18747 19202 19357 19270 19379 19712 19779      0

     0     0     0     0     0     0     0     0     0     0     0     0     0     0     0     0     0     0
ChannelEnd
ChannelStart (rx tx) :   32,   18

Raw data: 
 15909 16174 15483 15341 15592 15192 15137 15422 18175 18289 15285 15183 15349 15696 15528 15602 16165 15972      0
 14695 15602 14886 14075 14984 14489 13947 15014 14342 15349 14986 14660 15508 15113 14929 15858 15649 15576      0
 15002 14930 15025 14403 14373 14573 14237 14381 14438 15985 14193 15115 16232 14296 15440 16686 14760 16030      0
 15012 15246 15983 14432 14706 15476 14238 14696 15291 16183 14893 14833 16372 15022 15123 16862 15511 15666      0
 13660 15844 16228 13128 15294 15731 12967 15246 15566 15625 14989 15179 15807 15136 15517 16264 15610 16061      0
 16232 15120 15693 15617 14575 15244 15314 14565 15104 16631 15078 14655 16884 15223 14953 17329 15735 15499      0
 19053 16341 16227 17822 15492 15518 17515 15378 15385 16052 15688 16115 16182 15974 16513 16612 16264 17142      0
 15847 16829 16838 15066 16138 16060 14801 15970 15882 15326 16424 15336 15375 16777 15722 15734 17177 16306      0
 18011 16074 15618 16932 15415 14985 16604 15223 14828 14965 15374 15757 14989 15669 16124 15335 16055 16773      0
 16712 15623 15464 15856 15015 14911 15561 14789 14752 17274 16474 16346 17445 16806 16707 17819 17179 17278      0
 17170 15937 14539 16154 15317 14008 15885 15031 13834 15055 15646 15681 15174 15992 15997 15557 16287 16490      0
 16895 16646 14997 15950 16078 14466 15601 15784 14280 16096 16502 17127 16223 16835 17462 16549 17203 18133      0
 17878 16593 15143 16849 16039 14482 16504 15701 14276 15354 15637 15352 15443 15921 15662 15724 16198 16189      0
 16396 17270 14912 15596 16606 14380 15280 16241 14177 15589 16661 16282 15667 16991 16626 15917 17378 17168      0
 19395 16718 16843 18559 16273 16363 18136 15965 16124 16857 16425 16623 16952 16774 16981 17282 17037 17674      0
 16355 17485 17449 15734 17023 16936 15393 16634 16652 16113 17262 15936 16186 17574 16270 16489 17979 16896      0
 18408 16758 16403 17914 16446 15836 17331 15921 15553 15692 16149 16392 15746 16497 16750 16069 16812 17368      0
 17380 16638 17075 17727 16819 16008 16252 15486 15510 18261 17359 17040 18415 17704 17432 18822 18114 18108      0
 17994 17481 16420 18307 17484 15258 16651 15857 14565 15920 16514 16359 16035 16896 16724 16364 17189 17345      0
 17840 18344 17056 18073 18313 15781 16401 16635 15091 17021 17431 17937 17172 17866 18380 17587 18150 19049      0
 18767 18027 16849 18900 18035 15707 17351 16583 15035 16265 16536 16068 16400 16888 16494 16720 17167 17082      0
 17212 18309 16088 16831 18013 15423 16062 17135 14921 16487 17622 17083 16639 18066 17536 16961 18337 18144      0
 19137 16927 16203 18143 16487 15635 17506 15959 15092 16954 16463 17412 17087 16883 17928 17348 17022 18603      0
 18731 17532 17635 17792 16955 17114 17185 16445 16552 17565 17529 17374 17698 17993 17835 17953 18407 18451      0
 18279 18100 17647 17351 17559 17116 16749 16978 16530 16899 17090 16990 17057 17561 17479 17240 17776 17929      0
 17074 18210 17707 16294 17466 17229 15722 16859 16578 18030 16995 16813 18214 17510 17318 18352 17775 17972      0
 17973 17442 17966 16913 16986 17377 16287 16323 16787 18858 16165 17494 19159 16665 18018 19529 16770 18838      0
 18017 17563 19017 16995 17271 18488 16398 16573 17800 19153 17183 17155 19368 17703 17688 19754 17802 18397      0
 16227 18410 19384 15402 18066 18792 14843 17356 18119 18545 17257 17597 18801 17842 18107 19107 17933 18911      0
 19387 17613 18611 18440 17281 18250 17778 16524 17486 19693 17458 17036 19931 17954 17559 20313 18195 18286      0
 20153 17739 17125 19384 17548 16931 18647 16840 16159 18162 17536 18609 18368 18010 19198 18599 18184 19910      0
 19851 18636 18937 19261 18237 18580 18495 17510 17811 18982 18820 18714 19199 19375 19223 19358 19693 19754      0

     0     0     0     0     0     0     0     0     0     0     0     0     0     0     0     0     0     0
ChannelEnd
/proc/touchpanel/debug_info/data_limit
/proc/touchpanel/debug_info/reserve
Time : 2025-01-19-21-28-26
/proc/touchpanel/debug_info/main_register
es_enable:0
touch_count:16
/proc/touchpanel/debug_info/self_delta
Not support self_delta proc node
/proc/touchpanel/debug_info/delta
ChannelStart (rx tx) :   32,   18

Delta data: 
     0     0     0     0     0     0     0     0     0     0     0     0     0     0     0     0     0     0      0
     0     0     0     0     0     0     0     0     0     0     0     0     0     0     0     0     0     0      0
     0     0     0     0     0     0     0     0     0     0     0     0     0     0     0     0     0     0      0
     0     0     0     0     0     0     0     0     0     0     0     0     0     0     0     0     0     0      0
     0     0     0     0     0     0     0     0     0     0     0     0     0     0     0     0     0     0      0
     0     0     0     0     0     0     0     0     0     0     0     0     0     0     0     0     0     0      0
     0     0     0     0     0     0     0     0     0     0     0     0     0     0     0     0     0     0      0
     0     0     0     0     0     0     0     0     0     0     0     0     0     0     0     0     0     0      0
     0     0     0     0     0     0     0     0     0     0     0     0     0     0     0     0     0     0      0
     0     0     0     0     0     0     0     0     0     0     0     0     0     0     0     0     0     0      0
     0     0     0     0     0     0     0     0     0     0     0     0     0     0     0     0     0     0      0
     0     0     0     0     0     0     0     0     0     0     0     0     0     0     0     0     0     0      0
     0     0     0     0     0     0     0     0     0     0     0     0     0     0     0     0     0     0      0
     0     0     0     0     0     0     0     0     0     0     0     0     0     0     0     0     0     0      0
     0     0     0     0     0     0     0     0     0     0     0     0     0     0     0     0     0     0      0
     0     0     0     0     0     0     0     0     0     0     0     0     0     0     0     0     0     0      0
     0     0     0     0     0     0     0     0     0     0     0     0     0     0     0     0     0     0      0
     0     0     0     0     0     0     0     0     0     0     0     0     0     0     0     0     0     0      0
     0     0     0     0     0     0     0     0     0     0     0     0     0     0     0     0     0     0      0
     0     0     0     0     0     0     0     0     0     0     0     0     0     0     0     0     0     0      0
     0     0     0     0     0     0     0     0     0     0     0     0     0     0     0     0     0     0      0
     0     0   145   454   462   113     0     0     0     0     0     0     0     0     0     0     0     0      0
     0   150   581  1111  1120   883    83     0     0     0     0     0     0     0     0     0     0     0      0
     0   122   587  1111  1139  1045   209     0     0     0     0     0     0     0     0     0     0     0      0
     0    18   178   635   868   697   114     0     0     0     0     0     0     0     0     0     0     0      0
     0     0     1    13    72    36     0     0     0     0     0     0     0     0     0     0     0     0      0
     0     0     0     0     0     0     0     0     0     0     0     0     0     0     0     0     0     0      0
     0     0     0     0     0     0     0     0     0     0     0     0     0     0     0     0     0     0      0
     0     0     0     0     0     0     0     0     0     0     0     0     0     0     0     0     0     0      0
     0     0     0     0     0     0     0     0     0     0     0     0     0     0     0     0     0     0      0
     0     0     0     0     0     0     0     0     0     0     0     0     0     0     0     0     0     0      0
     0     0     0     0     0     0     0     0     0     0     0     0     0     0     0     0     0     0      0

     0     0     0     0     0     0     0     0     0     0     0     0     0     0     0     0     0     0
ChannelEnd
/proc/touchpanel/debug_info/self_raw
Not support self_raw proc node
/proc/touchpanel/debug_info/baseline
ChannelStart (rx tx) :   32,   18

Baseline data: 
 15893 16160 15490 15333 15576 15166 15119 15430 18163 18296 15270 15164 15337 15674 15513 15604 16170 15976      0
 14681 15594 14897 14061 14983 14491 13937 15026 14351 15351 14976 14669 15506 15118 14944 15864 15646 15597      0
 14989 14919 15017 14380 14350 14567 14227 14402 14445 15999 14196 15114 16209 14299 15421 16654 14760 16053      0
 15024 15226 15931 14423 14696 15458 14256 14733 15283 16180 14883 14806 16386 15025 15113 16865 15506 15673      0
 13628 15829 16207 13092 15283 15724 12975 15256 15559 15631 14969 15177 15801 15110 15497 16239 15615 16049      0
 16214 15112 15698 15574 14550 15223 15324 14587 15103 16643 15077 14639 16881 15232 14942 17345 15748 15497      0
 19075 16313 16204 17829 15495 15535 17487 15378 15398 16028 15655 16113 16145 15965 16488 16588 16298 17130      0
 15872 16862 16848 15064 16145 16075 14806 15958 15912 15313 16421 15354 15385 16744 15696 15764 17148 16274      0
 18006 16066 15595 16942 15397 14994 16622 15209 14853 14928 15360 15780 14993 15656 16122 15341 16047 16782      0
 16738 15627 15477 15887 15028 14918 15580 14794 14771 17279 16441 16348 17445 16795 16701 17815 17179 17290      0
 17146 15899 14546 16197 15296 14019 15900 15047 13851 15053 15655 15690 15159 15976 15994 15532 16274 16502      0
 16902 16684 15002 15952 16091 14460 15613 15794 14265 16076 16495 17116 16205 16853 17481 16583 17227 18136      0
 17873 16561 15128 16858 16033 14505 16510 15714 14295 15351 15629 15346 15451 15919 15661 15711 16198 16203      0
 16361 17269 14911 15587 16622 14380 15265 16228 14193 15571 16655 16289 15658 17011 16631 15921 17410 17180      0
 19372 16700 16795 18527 16246 16350 18152 15980 16089 16855 16431 16636 16926 16768 16991 17272 17040 17694      0
 16332 17439 17459 15703 17001 16955 15380 16643 16671 16112 17240 15913 16186 17588 16244 16519 17943 16900      0
 18411 16679 16236 17718 16283 15803 17329 15905 15565 15703 16156 16387 15753 16484 16744 16095 16813 17413      0
 17312 16276 16189 16643 15921 15820 16273 15506 15520 18264 17361 17021 18426 17742 17407 18816 18114 18102      0
 17723 16619 15231 17016 16280 14866 16610 15813 14570 15915 16519 16330 16017 16886 16711 16363 17192 17364      0
 17511 17485 15809 16801 17146 15409 16372 16637 15061 17007 17426 17923 17153 17862 18367 17563 18177 19026      0
 18498 17419 15841 17796 17104 15428 17334 16552 15046 16245 16513 16076 16377 16897 16477 16721 17150 17068      0
 17127 18097 15759 16478 17777 15349 16025 17141 14931 16478 17626 17103 16630 18078 17529 16953 18326 18163      0
 19116 16831 16123 18088 16402 15603 17486 15902 15089 16931 16490 17417 17092 16888 17927 17329 17024 18597      0
 18672 17518 17611 17786 16945 17079 17179 16434 16560 17586 17526 17395 17720 17987 17876 17938 18382 18489      0
 18202 18097 17640 17340 17550 17118 16744 16965 16527 16873 17091 16989 17053 17567 17482 17254 17795 17932      0
 17077 18164 17683 16327 17485 17227 15748 16863 16594 18015 17002 16835 18197 17514 17320 18367 17798 17982      0
 17931 17391 17967 16924 17010 17437 16312 16307 16785 18882 16205 17487 19170 16687 18023 19540 16763 18844      0
 18004 17570 19006 17030 17263 18461 16393 16566 17780 19139 17203 17162 19391 17726 17690 19734 17839 18399      0
 16209 18410 19375 15397 18089 18832 14838 17368 18130 18533 17263 17607 18776 17827 18107 19091 17920 18946      0
 19388 17604 18563 18440 17302 18266 17763 16538 17508 19685 17431 17019 19954 17969 17540 20331 18205 18252      0
 20120 17707 17167 19368 17518 16926 18662 16800 16149 18143 17516 18618 18378 18014 19190 18618 18171 19872      0
 19823 18629 18937 19259 18277 18591 18505 17539 17820 19010 18791 18749 19214 19360 19276 19388 19716 19787      0

     0     0     0     0     0     0     0     0     0     0     0     0     0     0     0     0     0     0
ChannelEnd
ChannelStart (rx tx) :   32,   18

Raw data: 
 14960 16169 15494 15345 15565 15167 15124 15395 18172 18306 15271 15149 15325 15668 15513 15625 16163 15968      0
 15018 15573 14898 14059 15000 14504 13935 15008 14342 15357 14972 14660 15522 15117 14933 15858 15645 15594      0
 13603 14927 15014 14382 14343 14553 14225 14418 14437 15975 14199 15117 16193 14306 15427 16638 14764 16060      0
 16211 15234 15938 14438 14700 15486 14234 14733 15295 16179 14855 14816 16421 15041 15119 16863 15527 15645      0
 19063 15799 16200 13099 15292 15716 12976 15249 15566 15665 14965 15179 15804 15125 15486 16274 15616 16073      0
 15841 15122 15739 15549 14532 15241 15302 14562 15113 16636 15071 14640 16885 15247 14931 17356 15748 15489      0
 17970 16312 16196 17849 15509 15520 17465 15375 15360 16044 15656 16101 16148 15954 16511 16596 16285 17135      0
 16702 16860 16865 15066 16146 16096 14813 15955 15890 15290 16446 15355 15386 16729 15699 15760 17129 16252      0
 17970 16100 15613 16951 15405 14985 16625 15219 14857 14908 15389 15783 14988 15663 16107 15339 16072 16737      0
 16702 15605 15479 15889 14997 14911 15593 14800 14756 17267 16408 16350 17438 16793 16707 17805 17140 17276      0
 17160 15904 14533 16197 15315 14016 15857 15036 13844 15056 15635 15707 15146 15960 15987 15544 16252 16497      0
 16900 16680 15004 15957 16123 14451 15628 15776 14260 16079 16489 17106 16172 16874 17499 16577 17245 18107      0
 17873 16547 15101 16863 16011 14522 16493 15696 14275 15338 15611 15339 15467 15935 15663 15702 16183 16212      0
 16397 17270 14947 15605 16616 14395 15246 16207 14187 15581 16660 16281 15642 17014 16626 15937 17404 17165      0
 19384 16705 16789 18533 16267 16353 18117 15991 16073 16849 16415 16625 16934 16764 17002 17283 17015 17698      0
 16321 17458 17475 15717 17011 16940 15383 16652 16652 16114 17241 15895 16183 17582 16219 16479 17946 16886      0
 18407 16692 16214 17737 16309 15799 17286 15902 15571 15725 16184 16381 15754 16517 16715 16064 16819 17421      0
 17289 16272 16183 16647 15918 15816 16284 15493 15501 18237 17341 17021 18413 17735 17424 18795 18095 18090      0
 17694 16637 15219 17022 16291 14873 16602 15817 14564 15920 16490 16358 16017 16893 16752 16359 17174 17320      0
 17506 17516 15802 16826 17173 15408 16390 16610 15047 17002 17410 17933 17152 17862 18408 17538 18177 19037      0
 18532 17429 15879 17848 17140 15430 17346 16548 15014 16254 16495 16067 16389 16904 16494 16719 17143 17044      0
 17152 18135 16016 17163 18432 15680 16085 17141 14916 16481 17625 17115 16625 18091 17549 16961 18317 18139      0
 19153 17092 16840 19373 17716 16692 17730 15987 15081 16937 16489 17429 17114 16887 17912 17309 17019 18619      0
 18722 17725 18342 19065 18238 18325 17519 16471 16585 17592 17502 17378 17727 17992 17870 17935 18368 18461      0
 18247 18225 17997 18143 18583 17966 16960 16978 16539 16882 17092 16977 17052 17554 17514 17197 17789 17951      0
 17139 18206 17837 16514 17699 17444 15810 16841 16608 17995 17013 16839 18198 17499 17323 18373 17780 17971      0
 17946 17438 18023 16956 17071 17439 16305 16331 16800 18854 16204 17484 19172 16686 18010 19532 16746 18817      0
 17994 17594 19039 17052 17291 18512 16390 16585 17796 19149 17206 17173 19385 17730 17664 19713 17824 18391      0
 16199 18425 19392 15408 18070 18855 14847 17370 18123 18574 17255 17583 18795 17853 18094 19073 17902 18932      0
 19431 17600 18570 18418 17306 18247 17751 16532 17453 19674 17434 17028 19939 17951 17518 20353 18186 18257      0
 20116 17737 17177 19386 17549 16900 18630 16822 16118 18161 17519 18621 18394 18007 19185 18643 18155 19883      0
 19842 18615 18973 19234 18247 18631 18486 17494 17827 19019 18770 18744 19180 19332 19300 19390 19703 19747      0

     0     0     0     0     0     0     0     0     0     0     0     0     0     0     0     0     0     0
ChannelEnd
/proc/touchpanel/debug_info/data_limit
/proc/touchpanel/debug_info/reserve
Time : 2025-01-19-21-28-37
/proc/touchpanel/debug_info/main_register
es_enable:0
touch_count:16
/proc/touchpanel/debug_info/self_delta
Not support self_delta proc node
/proc/touchpanel/debug_info/delta
ChannelStart (rx tx) :   32,   18

Delta data: 
     0     0     0     0     0     0     0     0     0     0     0     0     0     0     0     0     0     0      0
     0     0     0     0     0     0     0     0     0     0     0     0     0     0     0     0     0     0      0
     0     0     0     0     0     0     0     0     0     0     0     0     0     0     0     0     0     0      0
     0     0     0     0     0     0     0     0     0     0     0     0     0     0     0     0     0     0      0
     0     0     0     0     0     0     0     0     0     0     0     0     0     0     0     0     0     0      0
     0     0     0     0     0     0     0     0     0     0     0     0     0     0     0     0     0     0      0
     0     0     0     0     0     0     0     0     0     0     0     0     0     0     0     0     0     0      0
     0     0     0     0     0     0     0     0     0     0     0     0     0     0     0     0     0     0      0
     0     0     0     0     0     0     0     0     0     0     0     0     0     0     0     0     0     0      0
     0     0     0     0     0     0     0     0     0     0     0     0     0     0     0     0     0     0      0
     0     0     0     0     0     0     0     0     0     0     0     0     0     0     0     0     0     0      0
     0     0     0     0     0     0     0     0     0     0     0     0     0     0     0     0     0     0      0
     0     0     0     0     0     0     0     0     0     0     0     0     0     0     0     0     0     0      0
     0     0     0     0     0     0     0     0     0     0     0     0     0     0     0     0     0     0      0
     0     0     0     0     0     0     0     0     0     0     0     0     0     0     0     0     0     0      0
     0     0     0     0     0     0     0     0     0     0     0     0     0     0     0     0     0     0      0
     0     0     0     0     0     0     0     0     0     0     0     0     0     0     0     0     0     0      0
     0     0     0     0     0     0     0     0     0     0     0     0     0     0     0     0     0     0      0
     0     0     0     0     0     0     0     0     0     0     0     0     0     0     0     0     0     0      0
     0     0     0     0     0     0     0     0     0     0     0     0     0     0     0     0     0     0      0
     0     0     0     0     0     0     0     0     0     0     0     0     0     0     0     0     0     0      0
     0     0     0     0     0     0     0     0     0     0     0     0     0     0     0     0     0     0      0
     0     5   237   637   726   308     0     0     0     0     0     0     0     0     0     0     0     0      0
     4    58   508  1191  1153   967   195     0     0     0     0     0     0     0     0     0     0     0      0
     0     6   265   899  1141  1104   338     0     0     0     0     0     0     0     0     0     0     0      0
     0     0    40   322   682   453    73     0     0     0     0     0     0     0     0     0     0     0      0
     0     0     0     0    37     0     0     0     0     0     0     0     0     0     0     0     0     0      0
     0     0     0     0     0     0     0     0     0     0     0     0     0     0     0     0     0     0      0
     0     0     0     0     0     0     0     0     0     0     0     0     0     0     0     0     0     0      0
     0     0     0     0     0     0     0     0     0     0     0     0     0     0     0     0     0     0      0
     0     0     0     0     0     0     0     0     0     0     0     0     0     0     0     0     0     0      0
     0     0     0     0     0     0     0     0     0     0     0     0     0     0     0     0     0     0      0

     0     0     0     0     0     0     0     0     0     0     0     0     0     0     0     0     0     0
ChannelEnd
/proc/touchpanel/debug_info/self_raw
Not support self_raw proc node
/proc/touchpanel/debug_info/baseline
ChannelStart (rx tx) :   32,   18

Baseline data: 
 15894 16163 15485 15342 15576 15161 15110 15436 18164 18289 15263 15152 15342 15657 15520 15607 16159 15980      0
 14674 15600 14906 14058 14998 14497 13932 15027 14343 15354 14971 14660 15511 15113 14938 15873 15631 15594      0
 14976 14919 15000 14390 14336 14570 14219 14407 14450 16000 14185 15121 16200 14299 15426 16652 14765 16063      0
 15009 15238 15925 14427 14694 15451 14246 14720 15272 16185 14886 14793 16411 15036 15099 16868 15509 15683      0
 13620 15812 16191 13083 15279 15708 12977 15258 15555 15631 14968 15184 15805 15111 15502 16260 15603 16055      0
 16200 15103 15676 15581 14553 15221 15315 14586 15100 16648 15089 14624 16882 15236 14942 17346 15741 15495      0
 19043 16305 16206 17819 15485 15523 17473 15366 15385 16016 15652 16110 16155 15964 16490 16599 16315 17122      0
 15856 16863 16847 15066 16135 16076 14802 15962 15912 15313 16421 15340 15381 16726 15692 15772 17147 16277      0
 18012 16069 15601 16948 15388 15005 16620 15221 14853 14931 15358 15773 14997 15653 16106 15356 16049 16766      0
 16745 15625 15458 15874 15014 14917 15541 14781 14770 17276 16436 16344 17445 16790 16689 17810 17180 17286      0
 17142 15901 14543 16186 15285 14011 15893 15033 13846 15046 15655 15690 15159 15976 15983 15539 16266 16489      0
 16883 16689 15008 15950 16087 14460 15608 15800 14257 16085 16492 17128 16203 16849 17485 16589 17217 18143      0
 17880 16542 15115 16864 16022 14508 16493 15705 14302 15357 15633 15347 15458 15921 15646 15696 16203 16203      0
 16341 17270 14913 15583 16628 14385 15257 16232 14202 15571 16648 16288 15675 17004 16634 15915 17398 17177      0
 19372 16703 16798 18521 16234 16343 18164 15984 16096 16862 16436 16634 16937 16756 16992 17264 17051 17696      0
 16311 17447 17447 15700 17011 16950 15377 16649 16666 16116 17237 15907 16178 17576 16253 16514 17928 16899      0
 18417 16674 16237 17731 16290 15802 17343 15911 15561 15711 16159 16387 15741 16488 16757 16089 16823 17403      0
 17278 16281 16164 16627 15915 15818 16264 15505 15522 18263 17347 17024 18426 17738 17386 18838 18114 18090      0
 17703 16621 15213 17016 16277 14868 16622 15801 14571 15915 16516 16342 16016 16863 16702 16366 17195 17365      0
 17505 17482 15804 16801 17144 15406 16374 16643 15060 16993 17418 17913 17159 17862 18376 17560 18176 19022      0
 18498 17407 15832 17797 17084 15421 17345 16550 15052 16250 16526 16073 16371 16902 16477 16727 17144 17062      0
 17117 18099 15758 16450 17794 15353 16019 17141 14929 16480 17630 17112 16624 18070 17539 16951 18306 18166      0
 19131 16847 16121 18093 16406 15610 17492 15926 15102 16938 16481 17414 17092 16862 17917 17337 17006 18599      0
 18660 17541 17610 17763 16948 17083 17157 16442 16566 17580 17526 17386 17705 17979 17870 17920 18385 18487      0
 18214 18126 17644 17331 17558 17111 16732 16972 16519 16864 17097 16989 17056 17547 17486 17255 17783 17927      0
 17083 18185 17700 16317 17500 17242 15744 16878 16597 18033 16995 16832 18200 17487 17311 18365 17794 17986      0
 17942 17386 17959 16926 17002 17426 16319 16302 16777 18869 16197 17497 19179 16682 18012 19532 16764 18860      0
 17996 17565 19001 17022 17259 18460 16378 16565 17766 19139 17207 17164 19395 17739 17709 19726 17844 18381      0
 16201 18402 19378 15394 18100 18828 14835 17346 18114 18540 17247 17623 18775 17830 18119 19081 17929 18956      0
 19401 17602 18580 18434 17302 18267 17766 16553 17509 19680 17432 17014 19947 17957 17541 20327 18199 18252      0
 20101 17725 17181 19368 17541 16917 18655 16818 16152 18134 17500 18610 18373 18002 19186 18610 18166 19866      0
 19824 18632 18943 19254 18282 18595 18495 17547 17810 18996 18791 18740 19184 19340 19260 19381 19713 19786      0

     0     0     0     0     0     0     0     0     0     0     0     0     0     0     0     0     0     0
ChannelEnd
ChannelStart (rx tx) :   32,   18

Raw data: 
 15878 16189 15499 15321 15613 15159 15135 15465 18173 18303 15265 15156 15328 15671 15510 15611 16153 16010      0
 14663 15604 14911 14069 14999 14493 13931 15050 14354 15342 14968 14687 15509 15091 14942 15873 15639 15625      0
 14967 14926 15025 14373 14368 14564 14216 14417 14453 16018 14179 15115 16205 14311 15401 16678 14760 16049      0
 14993 15209 15960 14437 14693 15447 14263 14740 15279 16206 14867 14797 16388 15020 15095 16826 15500 15678      0
 13627 15805 16223 13069 15252 15721 12962 15226 15570 15640 14953 15148 15820 15107 15493 16277 15597 16066      0
 16206 15108 15686 15581 14561 15204 15310 14590 15097 16642 15081 14631 16875 15220 14918 17324 15724 15501      0
 19086 16295 16221 17826 15489 15561 17488 15336 15368 16017 15651 16103 16121 15959 16479 16615 16322 17162      0
 15865 16873 16872 15091 16172 16092 14813 15969 15904 15325 16399 15373 15380 16739 15708 15741 17154 16295      0
 18022 16097 15614 16990 15427 14984 16649 15209 14840 14940 15380 15786 15000 15661 16109 15366 16065 16773      0
 16726 15679 15490 15885 15025 14911 15595 14822 14773 17247 16434 16306 17425 16789 16708 17827 17198 17299      0
 17135 15885 14554 16187 15311 13999 15872 15051 13844 15052 15662 15685 15138 15969 15986 15515 16322 16488      0
 16860 16679 15014 15959 16062 14495 15591 15772 14259 16070 16515 17107 16201 16842 17475 16554 17231 18115      0
 17926 16565 15140 16890 16041 14499 16525 15738 14285 15351 15636 15344 15441 15904 15634 15693 16225 16182      0
 16358 17289 14910 15617 16657 14378 15256 16238 14191 15609 16649 16285 15657 17006 16643 15921 17420 17185      0
 19396 16680 16807 18534 16222 16344 18144 15947 16056 16837 16432 16635 16903 16774 16986 17278 17073 17693      0
 16348 17477 17436 15716 17008 16951 15384 16677 16680 16112 17238 15896 16187 17564 16288 16503 17947 16891      0
 18417 16666 16223 17708 16314 15796 17338 15908 15558 15706 16156 16387 15754 16492 16767 16102 16800 17400      0
 17325 16328 16208 16624 15931 15829 16274 15536 15522 18252 17366 17016 18418 17729 17402 18824 18140 18076      0
 17694 16653 15234 17012 16290 14855 16601 15830 14575 15910 16524 16335 15998 16855 16689 16388 17199 17342      0
 17494 17462 15814 16793 17122 15421 16393 16615 15040 17002 17426 17926 17124 17840 18363 17568 18203 19040      0
 18509 17406 15839 17827 17123 15443 17373 16573 15041 16266 16537 16057 16366 16901 16483 16719 17160 17099      0
 17109 18108 15781 16533 17861 15377 16052 17138 14942 16460 17644 17101 16616 18075 17544 16956 18318 18248      0
 19143 16958 16535 18958 17308 16070 17583 15957 15113 16940 16528 17424 17095 16901 17955 17368 17005 18678      0
 18741 17736 18350 19120 18319 18198 17459 16535 16522 17584 17553 17412 17731 18015 17901 17932 18443 18565      0
 18264 18264 18159 18476 18917 18402 17174 17031 16562 16856 17077 17007 17046 17558 17510 17264 17806 17969      0
 17118 18227 17918 16920 18429 17934 15959 16867 16602 18040 17004 16850 18214 17524 17312 18360 17833 18043      0
 17964 17474 18042 17099 17219 17547 16327 16334 16790 18876 16201 17479 19180 16672 18038 19558 16758 18869      0
 18053 17600 19047 17042 17302 18534 16419 16580 17744 19134 17205 17170 19383 17714 17699 19760 17860 18393      0
 16222 18405 19381 15443 18085 18844 14850 17347 18111 18530 17247 17605 18787 17794 18118 19092 17890 18959      0
 19380 17628 18582 18439 17298 18275 17783 16548 17454 19718 17421 17006 19967 17957 17518 20322 18176 18243      0
 20116 17766 17155 19375 17549 16926 18646 16810 16159 18183 17508 18649 18363 17953 19166 18598 18164 19887      0
 19844 18623 18912 19246 18293 18564 18538 17577 17818 19017 18798 18726 19194 19388 19259 19375 19760 19787      0

     0     0     0     0     0     0     0     0     0     0     0     0     0     0     0     0     0     0
ChannelEnd
/proc/touchpanel/debug_info/data_limit
/proc/touchpanel/debug_info/reserve
Time : 2025-01-22-18-59-37
/proc/touchpanel/debug_info/main_register
es_enable:0
touch_count:0
/proc/touchpanel/debug_info/self_delta
Not support self_delta proc node
/proc/touchpanel/debug_info/delta
ChannelStart (rx tx) :   32,   18

Delta data: 
     0     0     0     0     0     0     0     0     0     0     0     0     0     0     0     0     0     0      0
     0     0     0     0     0     0     0     0     0     0     0     0     0     0     0     0     0     0      0
     0     0     0     0     0     0     0     0     0     0     0     0     0     0     0     0     0     0      0
     0     0     0     0     0     0     0     0     0     0     0     0     0     0     0     0     0     0      0
     0     0     0     0     0     0     0     0     0     0     0     0     0     0     0     0     0     0      0
     0     0     0     0     0     0     0     0     0     0     0     0     0     0     0     0     0     0      0
     0     0     0     0     0     0     0     0     0     0     0     0     0     0     0     0     0     0      0
     0     0     0     0     0     0     0     0     0     0     0     0     0     0     0     0     0     0      0
     0     0     0     0     0     0     0     0     0     0     0     0     0     0     0     0     0     0      0
     0     0     0     0     0     0     0     0     0     0     0     0     0     0     0     0     0     0      0
     0     0     0     0     0     0     0     0     0     0     0     0     0     0     0     0     0     0      0
     0     0     0     0     0     0     0     0     0     0     0     0     0     0     0     0     0     0      0
     0     0     0     0     0     0     0     0     0     0     0     0     0     0     0     0     0     0      0
     0     0     0     0     0     0     0     0     0     0     0     0     0     0     0     0     0     0      0
     0     0     0     0     0     0     0     0     0     0     0     0     0     0     0     0     0     0      0
     0     0     0     0     0     0     0     0     0     0     0     0     0     0     0     0     0     0      0
     0     0     0     0     0     0     0     0     0     0     0     0     0     0     0     0     0     0      0
     0     0     0     0     0     0     0     0     0     0     0     0     0     0     0     0     0     0      0
     0     0     0     0     0     0     0     0     0     0     0     0     0     0     0     0     0     0      0
     0     0     0     0     0     0     0     0     0     0     0     0     0     0     0     0     0     0      0
     0     0     0     0     0     0     0     0     0     0     0     0     0     0     0     0     0     0      0
     0     0     0     0     0     0     0     0     0     0     0     0     0     0     0     0     0     0      0
     0     0     0     0     0     0     0     0     0     0     0     0     0     0     0     0     0     0      0
     0     0     0     0     0     0     0     0     0     0     0     0     0     0     0     0     0     0      0
     0     0     0     0     0     0     0     0     0     0     0     0     0     0     0     0     0     0      0
     0     0     0     0     0     0     0     0     0     0     0     0     0     0     0     0     0     0      0
     0     0     0     0     0     0     0     0     0     0     0     0     0     0     0     0     0     0      0
     0     0     0     0     0     0     0     0     0     0     0     0     0     0     0     0     0     0      0
     0     0     0     0     0     0     0     0     0     0     0     0     0     0     0     0     0     0      0
     0     0     0     0     0     0     0     0     0     0     0     0     0     0     0     0     0     0      0
     0     0     0     0     0     0     0     0     0     0     0     0     0     0     0     0     0     0      0
     0     0     0     0     0     0     0     0     0     0     0     0     0     0     0     0     0     0      0

     0     0     0     0     0     0     0     0     0     0     0     0     0     0     0     0     0     0
ChannelEnd
/proc/touchpanel/debug_info/self_raw
Not support self_raw proc node
/proc/touchpanel/debug_info/baseline
ChannelStart (rx tx) :   32,   18

Baseline data: 
 15881 16171 15485 15319 15586 15159 15115 15441 18169 18291 15235 15162 15319 15642 15508 15593 16144 16001      0
 14684 15571 14891 14065 14963 14483 13949 15011 14347 15334 14978 14662 15492 15119 14932 15856 15663 15622      0
 14975 14906 15014 14374 14338 14560 14225 14394 14443 15996 14187 15108 16208 14294 15420 16659 14756 16066      0
 14995 15219 15923 14400 14687 15455 14239 14730 15280 16166 14883 14804 16376 15026 15110 16856 15509 15677      0
 13617 15843 16204 13090 15293 15720 12974 15273 15555 15611 14965 15177 15781 15105 15497 16218 15609 16049      0
 16208 15121 15678 15582 14561 15212 15333 14601 15091 16636 15087 14637 16870 15238 14944 17336 15764 15500      0
 19033 16285 16187 17802 15467 15521 17465 15354 15383 16022 15657 16109 16144 15966 16485 16589 16299 17133      0
 15844 16857 16861 15053 16139 16078 14792 15955 15917 15305 16413 15363 15375 16729 15705 15760 17137 16288      0
 17999 16079 15587 16944 15402 14990 16626 15215 14848 14907 15350 15774 14973 15643 16108 15319 16036 16768      0
 16724 15633 15486 15882 15033 14924 15579 14803 14777 17266 16438 16332 17436 16790 16687 17806 17180 17269      0
 17121 15894 14548 16179 15297 14017 15887 15047 13852 15043 15664 15692 15153 15983 15994 15532 16282 16498      0
 16867 16705 15003 15930 16101 14462 15593 15809 14265 16062 16499 17119 16188 16858 17492 16571 17241 18137      0
 17895 16562 15127 16869 16023 14497 16516 15710 14292 15346 15611 15361 15447 15899 15688 15709 16182 16226      0
 16378 17264 14922 15601 16622 14391 15276 16228 14201 15568 16633 16275 15655 16990 16616 15923 17389 17157      0
 19347 16680 16781 18503 16232 16338 18130 15958 16077 16853 16430 16632 16925 16769 16989 17273 17041 17687      0
 16321 17443 17463 15690 17000 16964 15374 16643 16679 16109 17230 15921 16182 17576 16258 16517 17927 16898      0
 18413 16693 16233 17720 16293 15801 17331 15914 15562 15683 16146 16378 15729 16476 16737 16074 16800 17379      0
 17309 16289 16195 16637 15927 15825 16274 15514 15535 18254 17355 17008 18412 17741 17393 18808 18098 18063      0
 17706 16621 15231 17002 16282 14866 16603 15816 14572 15906 16535 16338 16011 16899 16715 16364 17191 17340      0
 17480 17501 15804 16779 17160 15405 16348 16650 15064 16989 17431 17933 17140 17865 18372 17552 18178 19026      0
 18504 17413 15832 17809 17091 15424 17348 16551 15037 16238 16492 16100 16375 16878 16493 16718 17131 17086      0
 17135 18086 15766 16491 17774 15353 16038 17128 14929 16472 17601 17088 16621 18053 17513 16952 18304 18135      0
 19115 16835 16123 18092 16402 15604 17487 15897 15087 16920 16492 17405 17084 16895 17918 17321 17033 18582      0
 18668 17492 17595 17783 16923 17066 17173 16415 16542 17585 17529 17394 17725 17991 17874 17946 18388 18495      0
 18207 18124 17649 17341 17569 17115 16739 16982 16527 16860 17055 16987 17041 17534 17480 17236 17746 17931      0
 17095 18145 17683 16337 17462 17226 15757 16843 16593 18002 17008 16822 18184 17516 17305 18350 17802 17978      0
 17931 17383 17966 16913 16996 17429 16303 16296 16783 18875 16195 17482 19167 16674 18017 19537 16745 18845      0
 17985 17566 19011 17007 17257 18462 16368 16560 17778 19120 17200 17159 19371 17724 17681 19719 17842 18402      0
 16210 18431 19376 15393 18106 18831 14836 17384 18130 18509 17254 17604 18745 17817 18105 19057 17912 18954      0
 19398 17630 18554 18451 17318 18259 17776 16555 17489 19669 17452 17026 19941 17981 17547 20320 18227 18265      0
 20117 17712 17164 19377 17528 16927 18670 16806 16151 18137 17518 18608 18369 18019 19180 18613 18178 19867      0
 19809 18604 18925 19255 18259 18585 18508 17527 17810 19015 18798 18749 19221 19364 19277 19397 19720 19788      0

     0     0     0     0     0     0     0     0     0     0     0     0     0     0     0     0     0     0
ChannelEnd
ChannelStart (rx tx) :   32,   18

Raw data: 
 15872 16187 15489 15304 15590 15155 15106 15443 18188 18286 15203 15151 15314 15621 15491 15580 16118 16005      0
 14681 15564 14905 14049 14955 14469 13950 15007 14334 15337 14952 14684 15513 15123 14942 15857 15656 15630      0
 14965 14893 15020 14376 14349 14559 14241 14412 14428 16000 14188 15191 16196 14301 15393 16658 14752 16053      0
 15027 15193 15920 14408 14671 15472 14220 14727 15255 16182 14882 14649 16388 15035 15127 16852 15486 15691      0
 13620 15858 16212 13096 15285 15692 12958 15269 15583 15599 14977 16099 15776 15093 15523 16216 15584 16040      0
 16202 15134 15707 15571 14582 15183 15328 14591 15099 16643 15067 15354 16880 15242 14940 17340 15757 15494      0
 19014 16258 16168 17822 15463 15520 17472 15354 15385 16017 15657 15790 16141 15950 16479 16581 16301 17123      0
 15831 16847 16859 15040 16132 16060 14783 15948 15933 15318 16419 16295 15357 16737 15729 15755 17131 16274      0
 17967 16070 15605 16929 15409 15012 16605 15222 14856 14919 15356 15685 14971 15651 16105 15333 16077 16769      0
 16717 15623 15503 15897 15034 14933 15573 14778 14789 17261 16441 17115 17434 16801 16663 17795 17165 17260      0
 17123 15888 14529 16144 15317 14002 15866 15043 13854 15047 15673 15365 15144 15988 15977 15512 16257 16531      0
 16858 16688 14996 15892 16104 14466 15591 15826 14288 16088 16496 16287 16193 16847 17465 16590 17213 18106      0
 17902 16577 15111 16875 16032 14486 16525 15727 14279 15349 15593 16626 15448 15911 15659 15716 16175 16216      0
 16411 17303 14937 15594 16622 14393 15266 16244 14193 15544 16637 15914 15639 16985 16612 15926 17401 17160      0
 19383 16699 16769 18521 16247 16358 18111 15940 16058 16831 16420 16372 16929 16757 16996 17263 17068 17684      0
 16331 17455 17443 15690 17010 16950 15360 16635 16709 16108 17227 16982 16170 17602 16245 16493 17930 16915      0
 18441 16704 16205 17703 16311 15778 17341 15892 15549 15695 16140 16370 15723 16502 16707 16075 16815 17364      0
 17353 16315 16206 16656 15935 15849 16282 15480 15542 18234 17354 17912 18419 17725 17407 18793 18100 18054      0
 17708 16608 15221 17000 16282 14853 16584 15803 14565 15883 16529 16073 15996 16913 16702 16367 17169 17328      0
 17472 17480 15815 16730 17131 15421 16284 16662 15086 16992 17445 17075 17121 17890 18378 17550 18176 18972      0
 18481 17421 15834 17820 17094 15430 17325 16549 15033 16220 16502 17389 16383 16871 16471 16707 17122 17070      0
 17149 18085 15748 16472 17786 15360 16060 17140 14931 16451 17583 17376 16611 18060 17504 16945 18278 18124      0
 19102 16811 16140 18092 16397 15588 17480 15897 15097 16926 16467 17389 17085 16894 17901 17362 17029 18558      0
 18686 17452 17587 17773 16934 17062 17168 16413 16533 17574 17546 17376 17704 17961 17852 17953 18364 18478      0
 18219 18151 17660 17341 17576 17131 16735 16964 16515 16870 17039 16959 17053 17571 17482 17236 17712 17913      0
 17123 18135 17652 16342 17479 17189 15776 16859 16583 18013 16980 16831 18183 17490 17312 18354 17798 17965      0
 17927 17389 17965 16908 16965 17435 16327 16281 16788 18857 16199 17477 19172 16661 18016 19512 16737 18848      0
 17984 17540 19014 17022 17278 18477 16384 16534 17766 19131 17170 17144 19415 17728 17678 19764 17869 18402      0
 16177 18421 19369 15400 18088 18835 14825 17407 18130 18496 17232 17596 18717 17793 18093 19065 17909 18949      0
 19412 17637 18573 18469 17317 18205 17775 16600 17494 19659 17484 17008 19916 17960 17514 20321 18247 18246      0
 20090 17698 17170 19367 17501 16959 18656 16793 16135 18144 17558 18609 18337 18025 19157 18603 18161 19856      0
 19801 18618 18909 19247 18233 18581 18537 17531 17824 19020 18806 18725 19201 19351 19293 19364 19715 19799      0

     0     0     0     0     0     0     0     0     0     0     0     0     0     0     0     0     0     0
ChannelEnd
/proc/touchpanel/debug_info/data_limit
/proc/touchpanel/debug_info/reserve
